



CIC-DDoS-2019

0	0	0	41348	0	0	0	0	0	0	0	363	1
24	6	2.9582771979691427	8112781	8112781	6	6	6	7.5	6	24	5840	0
964	482	20083333.33333333	48	48	482	482	482	723	482	964	-1	0
12	6	153846.15384615384	105	50	6	6	6	7.5	6	12	5840	0
48	6	0.8720121434957749	22345404	22345404	6	6	6	6.75	6	48	5840	0
0	0	0	2	0	0	0	0	0	0	0	250	1
2944	1472	2944000000	1	1	1472	1472	1472	2208	1472	2944	-1	0
1034	33.35484	21.28425078795925	10006409	10047432	0	705	40.933334	41.627117	33.35484	1034	8192	1
18	6	6000000	2	2	6	6	6	8	6	18	4354	1
2944	1472	2944000000	1	1	1472	1472	1472	2208	1472	2944	-1	0
48	6	1.4229471452804725	29653596	29653596	6	6	6	6.5	6	48	5840	0
94	47	14421.690222094028	20799	1	47	103	69.4	86.75	47	94	-1	1
48	24	9811.651335961456	22824	3	24	88	49.6	62	24	48	-1	1
80	16	334728.03347280336	235	235	6	31	14.333333	17.2	16	80	237	1


Slow-Rate-SDN

17	37159	53	24	0
17	46958	53	24	0
6	38266	443	20	0
6	43134	443	180	0
6	56622	443	324	0
6	41384	443	40	0
0	0	0	0	1
0	0	0	0	1	


SDN Data

27888	131264	135583872	29	2842	0	1
32433	27	2646	0	0	0	0
41193	85634	94542740	13091	14523070	436	0
3339	106814	113863724	13536	14429376	451	0
10056	100347	106969902	13308	14186328	443	0
31161	893	87514	29	2842	0	0
25121	7647	504726	0	0	0	1
41494	111507	6021378	8324	449496	277	1
33543	101984	106267328	9579	9981318	319	1
31573	37985	2051190	9105	491670	303	0
9786	23884	25460344	13430	14316380	447	0
31423	40218	44265652	13469	14751866	448	0
9966	127488	135902208	13532	14425112	451	0
5537	59867	67921702	12789	14536226	426	0
29862	937	91826	29	2842	0	0
33513	379	37142	30	2940	1	0
27047	352	34496	29	2842	0	0



Own Data


23458	78	11	27.964262	3351.1428	3	2	1124.381	1124.381	11	3351.1428	16060	1
459	365	60.833332	149.01062	91.8	108	1	74.90909	74.90909	60.833332	91.8	29200	0
0	80	16	16	0	74	0	8.4	8.4	16	0	29200	0
11192	395	65.833336	161.25807	2798	232	1	1158.7	1158.7	65.833336	2798	29200	0
11192	343	49	129.64182	2238.4	45	1	961.25	961.25	49	2238.4	29200	0
112758	78	5.428571	19.93959	3047.5134	4	11	1737.0769	1737.0769	5.428571	3047.5134	16060	1
11192	367	45.875	129.75409	1865.3334	31	1	825.6429	825.6429	45.875	1865.3334	29200	0
117647	78	9.393939	25.686743	4056.7932	3	11	1902.5322	1902.5322	9.393939	4056.7932	16060	1
85303	78	5.740741	20.683685	3046.5356	3	8	1553.7819	1553.7819	5.740741	3046.5356	16060	1
459	362	60.333332	147.78589	91.8	134	1	74.63636	74.63636	60.333332	91.8	29200	0
0	48	15.272727	10.447974	0	57	0	8	8	15.272727	0	29200	0
35749	78	15.35	31.506516	3249.9092	3	4	1163.0968	1163.0968	15.35	3249.9092	16060	1
47680	77	13.588235	30.257353	3405.7144	4	5	1545.5161	1545.5161	13.588235	3405.7144	16060	1
56853	78	14.090909	30.595531	4060.9285	3	5	1587.8611	1587.8611	14.090909	4060.9285	16060	1
11192	386	42.88889	128.66667	1598.8572	38	1	723.625	723.625	42.88889	1598.8572	29200	0
108224	78	7.8461537	23.517673	4162.4614	3	11	1669.6923	1669.6923	7.8461537	4162.4614	16060	1
11192	321	53.5	131.0477	2798	48	1	1151.3	1151.3	53.5	2798	29200	0
43106	78	8.157895	24.436455	3918.7273	3	4	1442.0333	1442.0333	8.157895	3918.7273	16060	1
116892	78	7.25	22.902317	4030.7585	4	11	1920.0656	1920.0656	7.25	4030.7585	16060	1
184430	78	8.67742	24.525513	3763.8774	3	19	1666.3784	1666.3784	8.67742	3763.8774	16060	1
140176	78	8.906977	24.849848	4122.8237	4	14	1825.4415	1825.4415	8.906977	4122.8237	16060	1
